1.5363741
1.5497226
1.4495456
1.1288131
1.408034
2.3162494
2.0827863
1.1913354
1.1238801
1.7250248
1.6484623
1.5101335
1.5209775
1.6432067
1.098776
0.9163093
1.2164931
1.4866087
1.531034
1.5539097
1.8644017
2.135095
1.2447944
1.1097789
1.8731823
1.3513993
0.93775314
1.3835187
1.4888705
1.451922
1.1798028
1.0518684
1.3754028
1.19602
1.3070346
1.4537812
1.3574939
1.336979
1.7511859
1.5704045
1.3772296
1.2263863
1.2115309
1.267667
1.7227253
0.99634624
1.0313761
2.3014257
1.563478
2.0426636
1.1356101
1.485306
1.7099125
1.3165206
1.4428389
1.3086584
1.1686163
1.2758582
1.2302829
1.5580385
1.3786204
1.6959827
1.3154593
1.3601286
1.6975538
1.1824707
2.0320277
1.8498079
1.4337727
1.1478148
1.7386869
1.4389819
1.398619
1.0829734
1.4053088
1.7115587
1.2669011
1.013215
1.5996231
1.7101007
1.4149475
1.0789791
1.3431832
1.5984846
1.345485
1.2919188
1.5946733
1.9571784
1.8511657
1.2905294
1.4250243
1.5422051
0.9469082
1.7968789
1.0912331
1.6224279
1.5670346
1.6618242
1.2929571
1.4968542
1.2479287
1.5907168
1.9992328
1.7270198
1.8616023
1.3610749
1.0466206
0.9965255
2.0139096
1.830163
1.7645487
1.2642382
1.5309393
1.0549489
1.4988856
0.9344412
1.1777725
1.8000703
1.2559112
1.1690114
1.4102765
1.1653948
1.3169746
1.4840966
1.4900614
1.5440828
1.0730432
0.9615224
1.6237737
1.2914073
1.6501136
1.1848617
1.3978598
1.0758393
1.8483055
1.0446141
1.356973
1.2274866
1.0294733
1.5117223
1.4134916
1.423873
1.2308434
1.5437902
2.227766
1.2628074
1.8872844
1.887157
1.1580379
1.0545382
1.5094367
1.4348904
1.2977754
1.9481443
1.8544854
1.2083004
1.4024487
1.2425407
1.7690556
1.5659342
1.2139559
1.0589483
1.2320522
1.371369
2.0337498
1.4039757
1.4564279
1.347544
1.3705931
2.0604405
1.2174718
1.3664113
1.604346
1.077489
1.4087977
1.3950632
1.2031263
1.4420269
1.4681556
1.1384223
1.2586437
1.2680278
1.2504834
1.5863307
1.0907762
2.115107
1.145029
1.7438772
1.4367536
1.9407434
1.225291
1.7557518
1.7785999
1.0673403
1.3234862
1.718851
1.6933794
1.4270804
1.4104391
1.7716719
1.5108831
1.484968
1.1647909
1.4383044
1.4705509
1.3803569
1.4302387
1.8808966
1.5057533
1.379445
1.994529
1.0587864
2.1814086
1.5657667
1.7989525
1.4399254
1.1013724
1.197014
1.4246463
1.3953744
1.4440724
1.3857172
1.6272677
1.090603
2.0354104
1.2452978
1.7902622
1.647354
1.7711824
1.5196121
1.4726988
1.3368262
1.3430841
1.2523282
1.3645825
1.3530278
1.405054
1.3402786
1.3221732
1.5326841
1.0698975
1.1994913
3.157839
1.3107451
1.4752645
1.6629227
1.3962101
1.6407555
1.6132103
1.4653144
1.2525907
1.3931353
1.1344279
1.2356567
1.7684389
2.1191263
2.18796
1.5542203
1.0513474
1.6806438
1.444474
1.6253917
1.4036343
1.5414244
1.4148129
1.026092
0.9280069
1.4894664
1.5964353
1.6701467
2.3890424
2.5033891
1.4270854
0.89763826
1.5462626
1.1388578
1.3936832
1.288564
1.5160222
1.5550399
1.0603062
1.4260919
1.3600693
1.6169342
1.4647671
1.4789414
1.3256835
1.9106356
1.382701
1.3043236
2.0296788
1.913001
1.1486611
1.5799788
1.7556633
1.7006725
1.2040087
2.5552127
1.5272789
1.3826731
1.2493714
1.3812147
1.5724236
1.7364326
1.600337
1.4412782
1.7478375
1.3165884
1.6202469
1.3093961
1.7079409
2.0083332
1.6724765
1.7819232
1.268847
1.4557086
1.2655331
1.4677627
0.93364424
2.1589043
1.4961704
1.7921412
1.2218928
1.6015215
0.9540839
1.929636
2.1504605
1.5589
1.1642324
1.5166577
1.5376183
1.6497003
1.8167133
1.3799341
1.6363859
1.8542652
1.5102508
1.2400507
1.7967982
1.1301925
1.5771294
1.6089686
1.1064034
1.1871638
0.9713083
1.7239882
1.4011296
1.1644778
1.296085
1.1843858
1.3905282
1.1708295
1.1285577
1.4515282
1.3288505
1.2833284
1.4054104
1.4120237
1.4371737
1.9378595
1.7829915
1.4793993
1.3172344
1.2968304
1.5419971
1.4637104
2.084128
1.8384095
1.5907226
1.1884813
1.5712094
0.9670602
1.9866911
1.1744746
1.4976202
1.2104669
2.1975963
1.6124613
1.9566038
1.5709534
1.6558282
1.5779722
1.679278
1.8315749
1.4789577
1.0996568
1.5456306
1.4401351
1.5624546
1.0771655
1.8245724
1.4985288
1.7148551
1.9702873
1.8676949
1.2745938
1.379341
1.1326993
1.3326157
1.0764077
1.5140214
1.2429253
1.4520334
1.674863
1.1820867
1.3334908
1.4410332
1.4056273
1.1291331
1.4294249
1.2913461
1.3078911
1.5171618
1.94718
1.3859662
1.8040531
1.589522
0.99917763
1.5518875
1.0726571
2.0658777
1.5063161
1.1854352
1.6844779
1.5765493
1.8695471
1.4125533
1.9638482
1.5629225
1.2317667
1.3430631
1.6405306
1.3699447
2.2558336
1.4430003
1.7131515
1.4438047
0.9402061
1.8399943
1.7099788
1.2108759
1.1185848
1.2568344
1.2606838
1.392264
1.177337
1.5416551
1.3571143
1.0383742
1.1796165
1.2485902
1.3796166
1.3764974
1.3438754
1.3301077
1.2893046
1.6150311
1.6098248
1.384999
1.1416912
1.8147742
1.7069837
1.0332775
0.9797541
1.6927555
1.763258
1.5959849
1.8949003
1.6642367
1.093794
1.7401382
1.4791089
1.4129949
1.3710968
1.0540724
1.2799426
1.6873045
1.3822525
1.8948325
1.2603755
1.5962121
2.2983847
1.2076156
1.0674269
1.6564666
1.2847
1.5425286
2.0934877
1.8090651
1.2447313
1.4756013
1.3729882
1.4624791
1.3802936
1.4133575
1.1559327
1.4276965
1.4172348
1.2370826
2.237584
1.4981416
1.3672129
1.785902
1.6089573
1.4369729
1.8094118
1.8583016
1.8415595
1.1803405
1.8384635
1.567309
1.6975559
1.4577305
1.5212803
1.8126922
1.1767316
1.4163718
1.5625596
1.4513438
1.0623696
1.8917625
1.4517882
1.5133736
1.6217734
1.5335281
1.5232439
1.4897693
1.429906
1.965051
1.8975639
1.3409926
1.2320201
1.6949828
1.6514037
1.5272849
1.0683843
1.0575178
1.5550182
1.9665596
1.4352561
1.9030286
1.3465872
1.1009078
1.7229815
1.2794056
1.4336901
1.2773832
1.5887077
1.3833367
1.3517405
1.2559952
1.4068763
1.1084641
1.8217762
1.4105204
1.7053168
1.4155515
1.530943
1.2541292
1.8133492
1.4662342
1.5011098
1.1699705
1.2163649
1.827814
1.5876544
1.6108274
1.4041624
1.1098828
1.2611396
1.2851505
0.93276715
1.456402
1.7697493
1.4564162
1.4392325
1.9313858
1.1179035
1.0485551
1.4982748
1.8887404
1.0700516
2.2724638
1.0876689
1.3161675
1.4553931
1.2950095
1.1798226
1.6450375
1.5136793
1.6235391
1.5181174
1.1517264
1.0813644
1.0487564
1.6876163
0.8728167
1.1054881
1.3835217
1.2016451
1.4788352
1.2464364
1.4943619
1.6112103
1.3774624
1.1786306
2.5087883
0.9339351
1.5561979
1.4304299
1.0640235
1.3134474
1.4248805
1.4046429
1.2060597
1.6536745
0.85801655
1.832756
1.4494604
1.2282825
2.1641624
2.1898553
1.9478943
1.3940175
1.4641601
1.718067
1.3504902
1.7855828
1.5353622
1.2803838
1.3740964
0.71802914
0.9749169
1.3192805
1.7164073
1.4301442
1.3691376
1.5943959
1.2372334
2.1183214
1.17312
1.667298
1.7028309
1.4255697
0.8518127
1.286298
2.0396583
1.5955421
1.3974938
1.9693081
1.6450781
1.8853804
1.2353792
1.3717111
1.5179411
1.1274905
1.1919947
1.6301126
1.4636445
0.8385586
0.9878012
1.4558178
1.6678208
1.5087209
1.4246444
1.5768594
1.5104479
1.0570608
1.3882991
1.7173321
1.1667844
2.0535953
1.6735348
1.7331316
1.3476272
1.0912528
1.1171544
1.7951614
1.1161441
1.167346
2.4629176
1.6310674
1.4017824
1.3301046
1.0715975
1.2991762
1.4891931
1.2249547
1.5489666
1.6014136
1.4299511
1.2385998
1.3454819
1.3780582
1.242105
1.8980043
1.182621
1.648643
1.6307254
1.4299124
1.3457749
2.12895
1.4535686
1.5592659
1.7181085
1.643518
1.6653844
1.3136427
1.5160571
2.0347052
1.7929906
2.0145993
1.200692
1.5029613
1.490688
1.7060618
1.57327
1.5213962
1.5612652
1.7952873
1.7744051
2.4484053
1.2352582
1.678624
1.2386193
0.9910696
1.8729217
1.532431
1.4315253
1.1704246
2.0935457
1.0254284
1.8283913
1.2551528
1.6706911
3.3887491
1.3834479
1.599796
1.4625385
1.5237025
1.6738608
1.9412091
1.437112
1.446575
1.7179277
2.0952606
1.519458
2.022004
1.5686253
1.5605611
1.0602996
1.369843
1.3735994
1.340851
1.8723612
1.292099
1.849046
1.5309019
1.5876255
1.7105464
1.5520587
1.9297352
1.0567774
1.1642581
1.347881
1.1458765
1.2915851
1.3549334
1.1865996
1.0889436
1.6400717
1.7294394
1.2658478
1.2933514
1.6263483
1.3128608
1.1448572
1.9900494
1.348827
1.7250195
1.6187922
1.6921757
2.5335488
2.0224226
1.2074213
1.8585414
0.7708869
1.1095521
1.6145259
1.3621718
1.1337051
1.313773
1.2781307
1.5541354
1.3853974
1.6731697
1.4895675
1.1599907
0.92881006
0.9734832
0.98511857
1.8282621
1.3540773
1.0762643
1.0924035
1.268834
1.2770354
1.4177873
1.4081143
1.6795278
1.4047724
1.5945382
1.3072512
1.5984954
1.8378776
1.5092531
1.6943343
1.108746
2.2211337
1.1569253
1.2686338
1.3817588
1.6915326
1.032702
1.3926696
1.423305
1.223758
1.5384421
1.5103451
1.5300956
1.7277908
2.4604068
1.2696375
1.7632246
1.0080118
1.9386426
1.0898885
1.6784151
1.0940615
1.183441
1.1906524
1.9052554
1.8894341
1.7047585
1.3454435
1.2101113
1.5469598
1.048079
1.1405712
1.4149175
1.2796956
1.0907085
1.3252958
1.4709098
1.2071513
1.5949868
1.7635721
1.3594782
1.6206592
1.5878189
1.5670328
1.498891
1.0921998
1.4903282
1.2764156
1.7218945
1.8231187
1.1416786
1.0176803
1.6162716
1.5092434
1.2936368
1.315258
1.1828713
1.4916872
1.2789102
1.0315238
1.6727475
1.4348661
1.3828382
1.0910848
1.3378845
2.6926496
1.6364958
1.3653133
1.1221259
1.5633585
1.1365572
1.5531536
1.5956559
1.4857345
1.5038579
1.3059145
1.746594
1.9529399
1.6021732
1.3809227
1.814275
1.2004083
1.7505093
1.7688422
1.6039271
1.6430974
1.6077589
1.0674717
1.2354692
1.5020587
2.0302474
1.7385312
1.1193216
0.9716292
1.2638395
1.308789
1.6220534
1.4253443
1.429857
1.459689
1.6938843
1.6953247
1.5997205
1.7553363
1.4941616
1.2194115
1.316967
1.731365
1.4826764
1.4429013
1.4226294
1.8361841
1.7510362
1.3300157
1.612864
1.3290626
1.3692347
1.6186571
1.6374518
1.8162358
1.4180031
1.3677605
1.5410798
1.1680652
1.1044794
1.4146806
1.2498578
1.5559505
1.5580386
1.7019055
1.5052317
1.7896572
1.2235895
1.4401002
1.7194744
1.4215115
2.1617498
1.2452835
1.3888962
1.1417812
1.7090681
1.4682412
1.7627165
1.6021422
1.864858
1.1311469
1.4104686
1.2861595
0.9902436
1.3752064
1.0920627
1.5344257
1.2115531
2.3686996
1.2809
1.4670217
1.6080017
1.5564557
1.5273403
1.411877
1.511913
1.2106757
1.8762686
1.3522487
1.9050376
1.3452586
1.0776348
1.2660244
1.6034769
1.7498306
1.7063433
1.1368035
1.5908463
1.7308629
1.6155261
0.9368256
1.3889993
1.1645752
1.2343493
1.4361546
1.4564095
2.0854056
1.4473741
1.4951888
1.268532
1.4403554
1.3569543
1.9710146
1.3749753
1.6168526
1.4859533
2.200521
1.7229675
1.3096992
1.2850186
1.5374522
1.6013796
1.1946728
1.359223
1.0788534
2.4439237
0.9473708
1.6805339
1.2497681
1.4277058
1.1579635
2.2410605
2.004081
1.2861623
1.2540275
1.0391085
1.47955
1.5457938
1.0192549
1.6720649
2.0453446
1.3325016
1.726299
1.7602237
1.1726927
1.239712
1.4028845
1.1995597
1.5911254
1.1126616
1.7667195
1.6193352
1.713436
1.6707579
1.1405313
1.331043
1.2384573
1.6531492
1.1899223
1.6299521
1.2271338
1.4450258
1.5370955
0.98991185
1.8655678
1.9707345
1.8865206
1.3648758
1.4428432
1.5860373
1.2348995
0.9844616
1.2342607
1.1528234
2.1423604
1.183546
1.4212844
0.9408646
1.7616103
1.7085698
1.2792819
1.4218554
1.5782006
1.362855
0.9704934
1.1830454
1.9665663
1.7736037
1.6168177
1.4688349
1.2451748
1.5678916
1.2203375
1.2131326
1.5603113
0.9053013
1.8363484
1.7092187
1.3260949
1.9426028
1.7454714
1.4469994
1.9104623
1.0339491
1.6076785
1.6511472
1.2031314
1.4110398
1.4409349
1.9883705
1.2074805
1.4124776
1.4403374
1.6815875
1.5714737
1.4069589
1.7077838
1.4084914
1.5723695
1.5911212
1.3820497
1.4480419
1.4647458
1.153639
1.6338018
1.328184
1.4289273
1.1195682
1.8775071
1.167955
1.0916588
1.1833143
1.4440634
1.2103231
1.3491405
1.7867335
1.1119716
1.68504
1.337063
1.4777828
1.7696167
1.5325326
1.4166278
1.3303102
1.554995
0.92949843
1.5932473
1.6251836
1.469362
1.4246072
1.256
1.5948999
1.3930496
1.9707285
1.368678
1.1175556
1.5888126
1.1403259
1.5969367
1.215513
1.4221531
1.5281053
1.3681978
1.472772
1.0630013
1.8767115
1.2803541
1.0134473
1.8937078
1.1488107
1.5217271
1.4618598
1.1465598
1.3738662
1.6695884
1.8266449
1.758079
1.4687594
1.4984343
1.3792465
1.5089222
1.3874375
1.2999698
1.783355
1.0485998
1.5150797
1.3747578
1.4176542
1.2186576
1.6181864
1.49586
1.848284
1.6686314
1.7001996
1.5642413
1.8613553
1.3868289
1.8081212
1.2580739
1.0937728
1.4423791
1.4810398
1.6560843
1.4674385
1.6030601
1.7169918
1.909778
1.3817135
2.0638914
1.1794297
1.5331432
1.1640477
2.150623
1.6559169
1.1688173
1.9677404
1.701443
0.9523788
1.6534866
1.1188654
1.2411944
1.9514599
1.5913587
3.074421
1.3402255
1.447896
1.6784335
1.5989902
1.5537938
1.4052005
1.3528368
1.5564597
1.9863383
1.9946551
1.524556
1.5656153
2.2795298
1.8264401
1.1962321
1.390998
1.6385016
1.2786627
1.2867074
0.96872354
2.3435466
2.3712332
1.459783
2.3503368
1.5223435
1.9011555
1.3998458
1.5375718
1.4744543
1.4009511
1.4028757
1.4819746
1.730404
1.3642964
1.1299902
1.7091502
1.7252175
2.3692055
2.2822938
1.3416306
1.4135224
1.1762089
1.3966154
1.2933631
1.0524616
1.4880201
1.1582005
1.0264796
1.7517126
1.629603
1.1390407
1.209366
1.4006776
1.9075167
1.610534
1.9920819
1.5655348
1.4156996
1.9105134
2.0869453
1.3961089
1.6952522
1.6390734
1.5970842
1.3834924
1.0419264
1.0339997
1.784362
1.28858
1.1071501
1.9258938
1.5167305
1.1096221
1.8683543
1.5800546
1.1119313
1.1667435
1.3394083
1.3957238
1.1976118
2.27601
1.1479181
2.0499918
1.828726
1.8216023
1.3145568
1.2271467
1.3349832
1.3139374
1.289977
1.3237774
1.7511834
1.7907875
1.6529846
1.1881564
2.0188196
1.8428094
1.5047013
1.4731612
1.2845258
0.98721737
1.1753658
1.4983653
1.6914093
1.8735429
1.6470298
1.6421101
1.0634356
1.3344702
1.9812471
1.2668793
1.4634244
1.00111
1.326711
0.97986996
1.4284037
1.6696237
1.1758157
1.1786957
1.080549
1.6675267
1.302277
1.0241792
1.1049855
1.8779231
1.0775521
1.6509689
1.0743219
1.1259165
1.5683254
1.5310248
1.4034041
2.5128164
0.88651466
2.2403343
1.0674663
1.102998
1.2390337
1.3225253
2.0656767
1.4634253
1.6516266
1.7957243
1.1525044
2.086707
2.189577
1.4969647
1.48219
1.4973674
1.9117697
1.1778758
1.4468567
2.0386412
1.0214663
1.2419034
1.1895552
1.3631748
1.4104507
1.7914095
0.8372276
1.5941055
1.3345993
1.8460321
1.4063126
1.5466444
1.6450597
1.5526284
1.349633
1.6128048
2.095263
1.6455004
1.2933999
1.7476918
1.7217331
1.5567771
1.9990926
1.5084729
1.1899585
1.3729097
1.4552238
1.0259734
1.2302989
1.8710741
1.4016459
1.6184572
0.90190405
1.3984803
1.458067
1.4067403
1.351006
1.1094509
1.7487377
1.4051883
1.9288831
1.2462978
1.4561789
1.6207719
1.1652373
2.1109805
1.4098146
1.1786255
1.8986255
1.1738464
1.5191687
1.6738749
1.3632652
1.6520554
1.3856572
1.172858
0.94665784
1.6579545
1.3243326
1.366078
1.700988
1.1265521
2.1071932
1.8534317
1.5015867
1.6275003
1.1847156
1.3883525
1.4190477
1.5405564
1.1262301
1.7401637
1.6229584
1.1903255
1.897514
2.1436298
1.7270924
1.5833982
1.0600961
0.960982
1.444405
1.7265245
1.2501302
1.5488484
1.6849896
1.5205433
1.9581945
2.0115597
1.7223824
1.8526691
1.0523484
1.7899895
1.3421564
1.6210968
1.8697288
1.3412843
2.2219937
1.0095319
1.1698573
1.2014198
1.7622712
1.3731343
0.9208607
1.7972302
1.3035593
1.7846662
1.7417372
1.500656
1.4036181
1.6776873
1.4306272
1.5944391
1.1913478
1.3238326
1.6654176
1.7196234
1.3573468
1.6126039
1.6250631
1.3895606
1.5838281
1.3626503
1.1994857
1.4003419
2.0316677
1.3824177
1.1166322
1.561453
1.6466714
1.8227804
1.5863094
1.1328583
1.0028255
1.2700268
3.59248
1.4862131
1.5093012
1.4190564
1.1701556
1.0179819
1.3803353
1.2846775
1.4834665
0.99764395
1.3187866
2.3395064
1.1855509
1.4694225
1.2754754
1.4274668
1.5118488
2.4547656
1.15574
2.2487965
1.6930088
1.1492562
1.3238555
1.8535439
1.3678921
1.55527
1.77969
1.3137022
1.1036322
1.2451476
1.2358348
1.4347425
1.6571972
1.8816454
1.2188085
1.9280174
1.330594
1.0987937
1.6630238
1.7727357
1.710369
1.8013602
1.2177482
1.3809594
1.8050879
1.2565669
0.99079025
1.2083337
1.4761657
1.7712364
1.0915531
1.5581292
1.2633358
1.3949492
1.6078598
0.91334814
1.68382
1.0946505
1.3394529
1.7593071
1.155024
2.060253
1.1092225
1.3536731
1.154996
2.3007646
1.7315226
1.366537
1.5353489
1.7486902
1.7248452
1.1542963
1.2611259
1.174262
1.4947278
1.6630049
1.3993837
1.1648829
1.6069815
2.0157464
1.7900445
1.5412418
0.97199607
1.4450634
1.5722136
1.2807403
1.4827683
1.74825
1.3463
1.4228956
1.1875793
1.3390857
1.1666065
1.7839439
1.8240776
1.0220778
1.2199649
0.997948
1.4571571
1.5923332
1.6419623
2.2930424
1.6296983
1.0019903
1.5058023
1.0155195
1.0971532
1.0253701
1.6072799
1.3541328
1.5689353
1.5608494
1.0794352
1.4124603
1.4883217
2.1019437
1.0339326
1.0637599
1.2383282
1.4474373
1.5455548
1.0317868
2.3297606
1.6550683
1.1374797
1.9095998
1.2235104
1.2992682
4.0501695
1.8464744
1.3883797
0.9967702
1.2472478
1.8131322
1.2970916
1.2461178
1.7478403
1.3675427
1.9103111
1.1473484
1.4113535
2.202019
1.8311193
1.7617986
1.4925703
1.4684808
1.5177969
1.4018521
1.2808219
1.2672684
1.2868124
1.8215
1.4924817
1.3764956
1.2892367
1.1602814
1.6569895
1.8134698
1.0375016
1.5405891
2.1852672
1.0811696
1.5144684
1.1872907
1.28183
1.2513394
1.0038209
1.1138816
1.4986584
1.7134479
1.2743605
1.6642145
1.0693556
1.4398099
1.402676
1.6137877
1.5066738
0.9797478
1.6552206
1.3497488
2.0324664
1.1582475
1.2443444
2.1644316
1.190514
1.364936
1.7117829
1.6497738
1.7618637
1.988718
1.2684357
1.6937006
0.88172084
1.2524996
1.8461725
1.790146
1.1414839
1.1843119
1.2735046
1.2981
1.818693
1.3906442
1.0893418
1.8010378
1.8591185
1.1098106
1.2651474
1.078661
1.4084607
1.2612461
1.4723158
2.0101597
0.9421506
1.7513642
2.0355313
1.0422857
1.1923329
1.2640135
1.9407113
1.3290452
1.4146272
1.8446152
1.2742572
1.5461234
1.2403712
1.425267
1.2744832
1.5437343
1.2118623
1.8155898
1.9437296
1.9886918
1.5290589
1.404339
1.3504951
1.3407632
1.202412
1.2226148
1.4677111
1.1950164
1.316279
0.9426047
1.6172478
1.8758378
1.707717
1.4537768
1.5594314
1.4725491
1.2061989
2.1823795
0.97691333
1.2467136
1.8546635
1.5075814
1.6496141
1.4524611
1.2023875
1.203797
1.5650842
2.761306
1.4337027
1.9620404
1.7159886
1.3609086
1.7212315
1.3641399
0.86167145
1.7009118
1.6970167
0.89382887
1.4774197
1.2281972
1.181658
2.3125553
1.5281948
1.3501332
1.2969239
1.6195886
1.141958
1.1589484
1.3841509
1.190651
1.7040709
1.549404
1.1066655
1.5566863
0.9452425
2.320912
1.2683072
1.4582732
1.430952
1.3428001
2.2811847
1.4175934
1.6074257
1.5014172
1.3162297
1.2798985
1.7046508
1.1882138
1.3827081
2.3156226
1.5010415
0.9733876
1.606369
1.4016261
1.6915879
1.6011719
1.1652935
1.3959823
1.7628165
1.6888013
1.5180924
1.3967007
1.6318165
0.99755615
0.9946514
2.1118832
1.3461022
1.7221696
1.1054747
1.69391
1.2567513
1.5175331
1.0255471
1.3363457
1.6906776
1.7980247
1.44142
1.1933229
1.1533593
1.2920829
1.2722974
1.6052203
1.1644847
1.1936271
1.4797809
1.3426838
1.3122818
1.2125406
1.3111748
1.9045359
1.6151153
1.3478152
1.7086242
1.5025529
2.1365213
1.9845827
1.9210494
0.88041145
1.2574418
1.7257348
1.2282951
0.9729787
0.9286209
1.9032815
1.738999
1.0570385
1.7488161
1.1888576
1.3210725
2.2825582
1.407907
1.4382046
1.5106735
1.5595104
1.6983547
1.3718201
1.2294248
1.0981979
1.1332134
1.5268124
1.4236454
1.654385
1.6555235
1.3389143
1.4336146
1.2160327
1.3276148
1.3936319
1.7285175
2.2003202
1.4245613
1.2544624
2.8135397
1.395541
1.1254575
0.9341965
1.8510275
1.7860796
1.1656166
1.5309613
1.7294431
1.1696049
1.4777509
2.0422602
1.383792
1.8110527
1.6481718
1.8259361
1.235609
0.911828
1.1071341
2.174115
1.6565788
1.6048775
1.3822709
1.6649861
0.86433804
2.1723511
1.5282853
1.1126246
1.1683041
1.1950603
1.6060894
1.0616405
1.9910153
1.3466033
1.5350609
2.0440996
1.3694088
1.4205437
1.2701867
1.0916135
1.3169433
1.2844567
1.2376661
1.2487695
0.82045525
1.405808
1.5877537
1.1055461
1.2737472
1.0661392
1.7061183
1.4120069
2.141033
1.5147042
1.4493546
1.5526214
1.3899577
1.7060188
1.3847867
1.4536804
1.0806348
1.7789797
1.5345672
1.0005136
2.3437705
1.6764957
1.3400671
1.2711267
0.92578804
1.2394596
1.2098926
1.5293968
1.0654737
1.6227309
1.2112082
2.0021274
1.2683961
1.1650406
2.1379645
1.9890752
1.126978
1.6713794
0.9548082
1.3530221
1.7349577
1.4600905
1.812156
1.2889011
1.495048
1.4534239
1.1897527
1.1868308
1.1143824
1.3109818
1.54242
1.8345358
1.4597082
1.7240793
2.0903144
1.614301
1.5010892
1.8868409
1.2282262
1.4119396
1.5433825
1.7291359
2.047491
1.371
1.1156459
1.1653805
1.2904918
1.0777624
2.043775
1.6288028
1.3140593
1.3412004
1.7284954
2.305832
1.0612249
1.3965306
1.2868226
1.3982772
1.0167601
1.2600162
1.2695888
1.3537905
1.2771258
1.8262063
2.5799212
1.2984984
1.435907
1.7270068
1.0204471
1.5442314
1.2262278
1.2917447
2.2317338
1.808925
1.5709367
1.4149613
1.6296018
1.3420374
1.5902674
1.3437768
1.2726727
1.0859716
1.2645411
1.1070925
2.4266455
1.9509089
1.2500188
1.3041766
1.1717583
1.4013702
1.4602473
1.4844054
1.410882
1.4858258
1.5153337
1.8832062
1.6585087
1.2135456
1.1789944
1.2635615
2.404415
1.5562371
1.4996665
1.5525379
1.8644269
1.4161168
1.3769752
0.9218888
1.456559
1.5009198
1.7438755
1.4469365
1.4971088
1.7366632
1.7276239
1.372983
1.2012463
1.0575472
1.2835679
1.2148055
1.3394737
1.442729
1.107915
1.3505365
1.7307917
1.8371197
1.6725447
2.34105
1.544313
1.5153587
1.6298083
1.3923936
1.5100726
1.2723385
1.527945
1.7536687
1.7518859
1.2564654
1.1933084
2.1090176
0.9318761
1.2633729
1.0597264
2.0822697
1.1886268
1.4077429
1.2231466
1.0727682
1.4661541
1.7237654
1.360915
1.0529082
1.321859
1.4519107
1.3609111
1.5784687
0.96011853
1.5582587
1.4604207
1.3946848
1.3251888
1.3973762
1.8049741
1.5287535
1.2493737
1.1957861
1.4699969
1.44375
1.6149964
1.7044231
1.0320745
1.3020977
1.6155884
1.0708065
1.3931254
1.4414327
1.5757271
1.6314869
1.3767688
1.321663
1.3098627
1.1134299
2.030636
1.2503201
1.3370968
1.8989052
1.3071567
1.3190829
1.7123406
1.6037948
1.8540264
1.6887752
1.3752685
1.2867635
0.82639796
1.5347136
1.3060738
1.2845173
1.0940958
1.1565785
1.0839884
1.9466287
1.314754
1.6925561
1.1629952
1.7269067
1.2382488
1.4535903
2.2923722
1.4901046
1.3054818
1.581642
1.8376393
1.1945447
1.1678677
1.804096
1.2412536
1.3994664
1.2353625
1.3447367
1.7226458
1.415187
1.6405623
2.0703871
1.9213226
1.7680606
1.3121884
1.0372053
1.969585
1.6535037
1.7534541
1.6961187
1.4185039
1.7646738
1.8514147
1.5683223
1.3678391
1.4067695
1.3572361
1.8843665
1.3169978
1.7963362
1.5475241
1.5913849
1.1802284
1.634839
1.482631
1.0370762
1.3407459
1.3465778
1.7602876
1.1933732
1.260367
1.452432
1.0283726
1.0692923
1.4480383
1.5434375
2.372253
1.5130204
0.93388826
1.4653018
1.518352
1.105792
1.8670839
1.4629946
1.6122241
1.7041488
1.1852152
1.3932886
1.3785249
1.3444552
1.2055646
1.4122431
1.3514969
1.6183513
1.470586
1.8336492
1.2037512
1.3980048
1.754597
1.29133
1.2202973
1.5290351
1.0112904
1.4257776
1.847653
0.9019986
1.5052396
1.5518392
1.3035707
1.6691461
1.8703017
1.415403
1.5771474
1.1234183
1.4327496
1.4841957
0.990951
1.1590168
1.300024
1.196581
1.0907542
1.7494736
1.3235286
1.8122866
1.6412959
1.066875
1.1640147
1.0243307
0.99442834
1.426879
1.2847229
1.9513775
1.2543753
1.7252748
1.8366442
1.7116483
1.0743096
1.456758
0.8979644
1.3815857
1.1868303
1.8920466
1.2456305
1.029942
1.5401919
1.1574252
1.42424
1.3838925
1.73642
1.838848
1.22843
1.9556919
1.4740336
1.2757802
1.8086154
1.717501
1.5394149
1.11331
1.2518529
1.1201297
1.7835181
2.1283238
1.8474376
1.9761323
2.1255383
1.5387552
1.1306379
1.3778613
1.1174839
1.5795325
1.6614833
1.7179346
1.8871921
1.1752725
1.5323023
1.6971028
1.6723505
1.1839899
1.081906
2.0497034
1.0744318
1.4894124
1.8371433
1.8652248
1.1217322
1.4670107
1.538249
1.3756487
1.6501328
1.4609458
1.6181226
1.2771624
1.3459282
1.4982522
1.3349898
1.2142339
1.5213934
1.4428313
1.1642189
1.4599713
1.2009217
1.7463993
1.995244
1.1074547
1.6976912
1.3063103
1.5542188
1.212372
1.1108328
1.7174511
1.2128574
1.6143961
1.326513
1.1303488
1.4398528
1.8049389
1.1031916
1.0546185
1.3958187
1.9159385
1.5645138
1.3313192
1.1596845
1.2608004
1.4141312
1.492754
1.4614604
1.5010649
1.5935272
1.609944
1.036114
1.2973293
1.743329
1.4458055
1.7596567
1.8909158
1.843892
1.7146072
1.6176215
0.9519019
1.8460615
1.279911
1.857155
0.99285275
1.1934788
1.5017582
1.1788869
1.8559657
1.2877947
1.5914801
1.2165848
1.1630642
1.3557758
1.3205994
1.5484697
1.6150372
0.85494196
1.5375019
1.3465575
1.4245013
1.5468957
1.512461
1.2762268
1.6906929
1.0316081
1.2159698
2.91832
1.5068351
1.5066855
1.7459823
1.0045197
1.2595942
1.718337
1.4187164
1.8794894
1.6560608
1.5639019
1.4553678
1.1997677
1.4804972
1.9707555
1.0879123
1.7851585
1.394498
1.325134
1.4219927
0.68447626
2.1417606
2.3480299
1.2112023
1.4384291
1.151857
1.6186837
1.265976
1.3607682
1.1224365
1.4075943
1.2368568
0.70800346
2.1550825
1.4015354
1.6325368
1.4205366
1.4671916
1.3143691
1.5578387
1.9343277
1.5562689
1.7558668
1.7869902
1.0167977
1.4565936
1.0814611
1.7994108
0.99249744
1.6533359
1.397239
1.677876
1.5160117
1.6686817
1.2263795
1.6788707
0.9882307
1.4246958
1.245043
1.4299154
1.6221412
1.6771737
1.3030618
1.0897219
0.8487699
1.5651783
1.3316747
1.4706042
1.3030916
1.2030065
1.6656014
1.6802293
1.1207728
1.4813495
1.2217758
1.5235262
1.419483
1.5786238
1.354358
1.4582963
1.1421517
2.5074954
1.296581
1.1615229
1.5412796
1.5430379
1.2009015
1.5421923
1.4730017
1.257074
1.9137521
1.2409513
1.2766995
1.8769072
1.1405171
1.1853458
0.7770938
1.4689597
1.1163108
1.6848235
1.2304487
1.4506319
1.5793577
1.7769845
1.5660332
2.4480107
1.288788
2.4511309
1.4794568
1.0923779
1.2840154
1.4020908
1.2652218
1.2087588
1.2092327
1.2582215
1.4575593
1.667602
1.5132413
1.9886491
1.3645676
1.7863241
1.1874565
1.9966416
1.6265372
1.182027
1.8519868
1.1435473
1.5674355
1.3908156
1.3124477
1.5546336
1.3432509
1.3034151
1.034338
1.2165359
1.6362267
1.5161089
1.7915413
2.031999
1.3190441
2.023076
1.0731374
1.8696095
1.6718361
1.3886509
1.7859055
1.2255064
1.148798
1.5519725
1.831033
1.5842093
0.9469098
1.6297364
1.65112
1.1791389
1.9206142
1.2980477
0.93936867
1.5749186
2.3765843
1.4074737
1.2001046
1.164457
1.2282441
1.5786116
1.3336918
1.2211876
1.1586329
1.8928163
1.5304554
1.5637926
1.5837865
1.0546445
1.8883301
1.3882443
2.0643103
1.2874681
1.172334
1.3797888
1.4435118
1.4482989
1.4633509
1.0808798
1.686579
0.90680665
1.6959356
1.4231857
1.7285185
1.1034473
1.4715246
1.0760198
1.2117152
2.558064
0.7289095
1.1670543
1.7025495
0.7257485
1.8149495
2.0368268
0.898175
1.4900488
1.422663
1.1423815
1.5066806
1.1640093
1.0252343
1.943711
1.6596056
1.3288628
0.9979644
1.5568324
1.2832427
1.3698571
2.2151077
1.0982391
1.6108078
1.5266562
1.1980082
2.4812944
1.0455734
1.5826231
0.97806066
1.288949
1.9627255
1.1909919
1.5909826
1.2379326
1.5640678
1.2511516
1.2617959
1.2861629
1.3199825
1.4829266
1.3437333
1.4296716
1.5435648
1.3514503
1.1518254
1.6665819
1.8900144
1.3259531
1.171035
2.10196
1.2316704
1.678051
1.0432446
1.6252816
1.3518333
1.5941594
1.756799
1.391388
1.3808241
1.5905721
1.3923938
1.2542628
2.1019914
1.6141505
1.4544965
1.1657935
1.2243619
1.7780652
1.3409641
1.7468498
1.2442333
1.6875021
1.2414384
1.7537194
1.2704301
1.6271356
1.1770747
2.2791095
1.7316512
1.4448605
1.4151998
1.451758
1.8130083
1.4940586
0.89762443
1.2154541
1.7630969
0.9728355
0.88682127
1.4852072
1.1135421
2.1956022
1.7406135
1.9348487
1.2074908
1.8791537
1.2280428
1.1939325
1.7417911
1.7235718
1.2918572
1.3930883
1.3021392
1.335783
1.8899217
1.3070953
1.1033807
1.2689044
1.0590826
1.0708202
2.0626616
1.5440491
1.7176956
2.4443808
1.2814546
1.7890218
1.5818574
1.1221957
1.3465954
1.1615726
1.2383045
1.3654664
1.8866159
1.4543327
0.922413
1.1966338
2.035706
1.3218492
1.4523764
1.1036427
1.6710624
1.190779
1.464452
1.1668301
1.9282105
1.5168936
1.5726659
1.7293838
1.1777256
1.3061377
1.3182782
1.0471588
1.4515282
1.0408392
1.4677434
1.414138
1.9820487
1.0681387
1.1589289
1.3598299
1.7657188
2.105695
0.99778354
1.497814
1.4180511
1.7306657
1.3597976
1.1362545
1.0472629
1.6539725
1.6882316
1.2756716
1.2504104
1.0936991
1.8563411
0.99292004
1.8998071
1.6181227
1.0624741
1.2900563
1.4782666
1.5348734
1.5321753
1.2034749
1.4916587
1.360094
1.2624607
1.4487298
1.2625272
1.7024589
1.1000248
0.88445514
1.3432027
1.3157969
1.3879274
1.4711735
1.3366799
1.2437723
1.8843222
0.84100085
0.9407245
1.4972935
0.9588517
1.6564484
1.1604216
2.2290847
1.250997
1.3923762
1.2656732
1.7812063
1.69992
1.2343545
1.4276471
1.1797193
1.8438593
1.6655868
1.7535601
1.6675084
1.4782529
1.1310322
1.4108942
1.4072001
1.4326973
1.6293842
1.2080557
1.3533951
2.1976192
1.1616378
1.8021282
1.2285118
1.592027
1.169365
2.5413878
1.344577
1.2187719
1.2706453
1.3054748
2.7971535
1.2083889
1.0814636
1.3768058
1.5687122
1.38452
1.2454325
1.0822045
1.4508995
1.3867761
1.7711773
1.0967875
1.5498495
1.5163841
1.1255934
1.3495878
1.3212776
0.9623874
1.5558531
1.3315649
1.6571121
1.374212
1.0150682
1.1372666
1.444881
1.9479581
1.2373813
2.0534797
1.8430004
1.0771415
1.7994614
1.4900984
1.42318
1.3258259
0.97825813
1.2486126
1.6200925
2.11989
1.251424
1.177088
1.2954687
1.1631838
0.8278543
2.0232584
1.3483313
1.3981551
0.78855395
1.955363
1.3927888
1.1828345
1.4817339
1.4258116
1.777454
0.8904453
1.4844189
1.3761697
1.7286986
1.5354542
1.5547372
2.4537554
1.656093
1.2741688
1.0252436
1.5155137
1.4110528
1.5843028
1.74768
1.7568673
1.7337341
1.126106
1.4688814
1.1659193
1.3582695
1.0497407
1.0631269
1.6169308
2.1419916
0.9409037
1.3404565
1.4272771
1.3999815
1.4175178
1.5529207
1.0295755
1.293306
1.2450383
1.0809954
1.4481746
1.2249632
1.6936668
1.6725752
1.4531144
1.3632048
1.9012902
1.2473823
1.772412
1.2164124
1.3723114
1.5102577
1.127395
1.5374899
1.2469016
1.7398652
1.4353051
1.0609008
1.3614638
0.9023237
0.86671484
1.4598016
1.2521195
1.6414862
1.3920752
1.4743178
1.65913
2.196014
0.9498628
1.4114678
1.6009825
1.6133847
1.0737054
1.7426133
0.9292199
1.0624977
1.1294937
1.3682389
1.1426921
1.2601097
1.0606107
2.102821
1.8316435
1.5575536
0.80628085
1.3766178
1.3231227
1.1272917
2.2350357
1.506466
1.6145972
1.3814353
1.8383037
1.4043206
1.1036763
1.546456
1.5106772
1.2839472
1.7304049
1.1624953
1.6299375
1.7044955
1.608968
1.1236413
1.2665945
1.2981887
0.94956106
1.9367111
2.3862398
1.8428524
1.3460606
1.1808167
1.2721363
1.3095286
1.2708962
1.4377326
1.2783813
1.8435018
1.8191124
1.2835097
1.0489748
1.3064685
1.5265456
1.4459502
1.2612984
2.1664152
1.3992546
1.0373918
1.9709656
1.1034645
1.9585922
1.7435212
1.2819904
1.2548772
1.5843937
1.1832335
1.5412551
1.6394361
1.6788627
0.83758783
0.9269499
1.402865
1.4216838
1.3147383
1.0958576
1.7666972
1.1220709
1.4488357
1.2594905
1.3991052
1.3233612
1.2727876
2.2308075
1.1502036
2.1697705
1.4213965
1.3158349
1.3692465
1.7093757
1.3966082
1.5140237
1.3536695
1.5726204
1.7270557
1.5046266
1.6215855
1.3153901
1.5556571
1.1495961
1.4676778
1.3635819
1.6330767
2.056354
1.3424276
1.2023696
1.3063136
1.1205066
1.2618122
1.4522414
1.648495
1.3558316
1.0571264
1.6323351
1.3556664
1.4653604
1.4083409
1.4694571
1.2582326
1.4542066
1.0828723
1.2488052
1.5318658
1.7215372
2.0027122
1.8890941
1.56767
1.5865794
1.7099727
1.7653093
1.3489457
1.3990353
1.5748994
1.6759198
1.1116582
1.8466859
1.4293486
1.4875621
1.0473467
1.2464634
1.4374905
1.7015723
1.6067804
1.6931103
1.0185019
1.4827367
1.2746948
1.2566495
1.8356878
1.6876435
1.885675
1.6860445
1.2427325
1.0468476
1.6089765
1.535678
1.0655288
1.7233849
1.4553095
1.5765301
1.2187784
1.5940293
1.1547972
1.5972342
1.4562587
1.7816901
1.3405538
1.4748952
1.570149
1.6894761
1.2670188
1.5733081
1.403173
2.7814212
1.711279
1.9026341
1.1651661
1.3482387
1.4090494
1.3867743
1.3245358
1.2862836
1.2988776
1.5395482
1.566624
1.1549867
1.0078068
1.3572414
1.5576271
1.7009625
1.5521928
1.3419974
2.0068128
1.5154952
1.3405414
1.6711498
0.9485004
1.0848386
1.5105582
2.0059657
1.6394477
1.3493797
0.9483786
1.1493092
1.3283417
1.4049106
1.5665448
1.2054628
1.4409982
1.3747424
1.7139441
1.2348526
1.8696331
1.7914066
1.4345342
1.0013227
1.337422
1.4022288
1.2330427
1.313677
1.4324403
1.2603153
1.2141615
1.2900116
1.7218238
0.7224861
1.6196885
1.4003445
1.8676999
1.7489518
1.7181883
0.8542238
1.130081
1.9873397
1.2681066
1.5336943
1.1019335
1.871444
1.2946377
1.6197131
1.2391741
1.4029816
1.4192673
1.5998951
1.212506
1.1296083
1.3373362
1.0167524
1.3973101
1.8455318
1.6862878
1.8691095
1.601567
1.6339594
0.97622705
1.5138967
1.6159205
1.4111533
1.064043
1.8722001
1.3466086
1.3425415
2.2789195
2.326169
1.0241923
1.6708981
1.1840231
1.2298476
1.7970842
1.6212572
1.467623
1.7956372
1.1913422
1.2101508
1.4342856
1.237446
1.4759713
1.3977306
1.3662326
1.2438594
1.5053872
1.692753
1.3154029
1.0984619
1.6783465
1.5931933
1.8611039
1.6063502
1.2982765
0.8502457
1.5283325
1.4612086
1.4571515
1.5750823
1.1055183
1.9783461
1.4145336
1.4798918
1.527979
1.1926973
1.4209958
0.9346542
1.7463529
1.2484349
1.4613916
1.6930088
1.9995601
1.2952656
1.4869779
1.3127594
1.8784498
1.3993353
1.5926039
1.243598
1.2726926
1.6521828
1.3920486
1.6704232
1.4880688
1.3037244
1.1936833
1.6693964
1.1808801
1.5742939
1.7077656
1.3880246
1.5305322
1.8863424
1.1163727
1.7521269
1.3822888
1.4742984
1.146746
1.4497024
1.4695988
1.0720063
1.7662377
1.1893448
1.5011309
1.5384274
1.2383468
1.2285863
1.1680187
1.4534152
1.453869
1.0260006
1.4620012
1.3436321
1.07657
1.1935891
1.5449486
1.874149
1.7351257
1.0613934
1.8085531
1.5599742
2.2672641
1.8604863
1.8549
1.2914085
1.3197801
1.2691257
1.0888885
1.5541289
1.1155108
1.187215
2.24156
1.4208709
1.0991975
1.7734393
1.0199714
1.5417236
1.4382707
1.2333716
1.1308763
1.6394649
1.927419
1.3868574
1.384174
1.1713037
1.4374611
1.6541189
1.2072326
1.2058218
1.5040885
1.4847876
1.7558594
1.4831754
1.4478545
0.93571025
1.5735981
0.8212156
1.495879
1.4776068
1.7447041
1.4637027
1.574972
1.3056673
1.151031
0.93928754
1.8565681
1.4884192
1.2619778
1.4441464
1.5413693
1.3376552
1.6959643
0.8666095
2.0899816
1.967384
1.5151085
1.7408079
1.361358
1.3468442
1.301265
1.8611101
1.2147168
1.3477975
1.6476252
1.9283818
1.4800131
1.0714577
1.115768
1.7107561
0.8998462
1.1823909
2.0480742
1.8041133
1.5363908
1.6508121
1.309433
1.80971
1.4619786
1.4951297
1.3249522
1.4667782
1.8473746
1.4622632
1.604918
1.0036051
1.2919546
1.0635616
1.124078
2.3848882
1.7065673
1.7450993
1.3205255
0.90820354
1.6364285
1.6506523
1.6859474
1.426574
1.1489202
2.0024412
1.3817273
1.1334547
1.2811718
1.5691656
1.9434875
1.4755723
1.6594745
0.89597356
1.5077592
1.6642666
0.9359322
1.1401176
1.304628
1.6984773
1.3374189
1.1843797
1.3971997
1.3579098
1.4681424
1.7555987
1.0568942
1.0998163
2.4473925
1.6183745
1.5457175
1.1625686
1.6882732
1.4684409
1.7801765
1.8826418
1.3491724
1.2602875
2.0042815
1.783101
1.6684015
1.4596733
1.2853539
1.5152485
1.0918819
1.0990115
1.5100052
1.3773394
1.5407606
1.4797405
1.6951846
1.1575356
1.2295854
1.5710435
1.3780403
1.276377
1.2559166
1.5338883
1.0465748
1.4040568
1.7959667
1.6735674
0.93985206
1.1419108
1.5252916
1.9893756
1.5149686
1.712177
1.5443
1.6339864
1.0143768
0.92645615
1.1514684
1.7002287
1.5663087
1.9145279
1.8371435
1.223483
1.3015648
1.3049079
1.3946631
1.4638654
1.0529964
1.0948453
1.4928852
1.3870659
1.4332591
1.9751025
1.6099855
1.6219325
1.2650988
1.3194585
1.0467335
1.2911142
1.9991839
0.94787663
1.2767372
1.1928711
1.3815908
1.2820967
1.6888036
1.2501837
1.2872509
2.5415373
1.1750373
1.8759258
1.2333866
1.0274246
2.2437708
1.693003
1.1072029
1.3534551
1.3153329
1.6877027
1.0233682
0.923917
1.3519256
1.7755492
1.1130718
1.3189379
1.6363443
1.326688
1.6240538
1.218504
1.1749034
1.1419158
1.8879777
1.342221
1.3433889
1.8590955
1.342441
0.77068514
1.134959
1.3096541
1.8250511
1.053324
0.97363365
1.4389168
2.0781403
1.4391283
1.5114988
1.3185891
1.565811
1.3514577
1.4094621
1.1957587
1.3169969
1.0922464
1.5709834
1.5870271
1.9022245
1.0978377
1.3290461
1.2066736
1.3407435
1.5183201
1.9746732
1.3399049
1.8778664
1.5133799
1.5170603
1.3162987
1.5252337
0.99775726
1.4877303
1.620784
1.5941563
2.8741605
1.3641154
1.0986966
1.2454292
1.9491944
1.2505736
2.0679808
1.4078794
1.4908136
1.38727
1.4268192
1.5905237
1.737623
1.1619062
1.2958134
1.139465
1.0762788
1.2943242
1.2756306
1.9132324
1.7515644
1.0046399
1.4337718
1.035968
2.034382
1.5261278
1.5724739
1.1453185
1.619242
1.22867
1.3466096
0.90154856
0.953003
1.5234284
1.185379
1.70714
1.2318144
1.5152947
1.2389985
1.863377
1.4160981
2.1140392
1.5222032
1.1818639
1.2578458
2.097078
1.6313422
1.4034903
1.3507533
1.820479
1.2746534
1.5694038
1.4888872
1.1636384
1.5489876
1.4198586
0.8594669
1.2005908
1.4059246
1.3976022
1.6297159
1.7398345
1.3454233
1.1452616
2.353794
1.1066957
2.0901122
1.3470246
1.184249
0.7828691
1.2528406
1.2120763
0.97000575
1.2241147
1.3960488
2.0426047
1.2847357
1.4687965
1.5686966
1.1034353
1.617928
1.3636789
1.892912
1.0886431
1.0935017
1.288571
1.7836978
1.3933568
1.4168923
1.9076607
1.491953
1.5774854
1.2812408
1.4178169
1.129604
2.6188965
1.0559311
1.9238467
1.4554632
1.3186257
1.2071272
2.2681415
1.3523294
1.3908972
1.6313766
1.2493248
1.5063515
1.4373316
1.4791664
1.679315
1.2682655
1.437964
1.3579668
1.5327456
1.4275922
1.7012901
0.96628475
1.1738812
1.076145
1.8000109
1.5817332
1.0639263
1.5232805
2.2926629
1.1479595
2.0211527
1.7117703
1.3484068
1.5261103
1.3953921
1.8286791
1.1067781
1.2961017
0.9990288
1.5619096
1.3837409
1.1664721
1.8166993
1.9199563
1.759349
1.7082986
1.918402
1.3401741
1.1118749
1.2960942
1.3284758
1.6341988
1.8673085
1.7919399
2.0984387
1.1676345
1.0074013
2.0003543
1.5465254
1.5190638
1.1511965
1.4284381
1.1802458
1.1029905
1.142131
1.6487347
1.1747526
1.5961607
1.7758851
1.4778101
1.7118005
1.1917244
1.1657382
1.3233325
1.4931427
1.0540578
1.1295979
1.2220317
1.5334868
1.2612985
1.9804245
1.3884872
0.86434215
1.2473582
1.0465355
1.2727666
1.6897035
1.4225379
1.9295352
1.7819321
1.5177506
1.7829871
1.6449596
1.4893771
1.3148296
2.1740003
1.7388259
1.1682127
1.0136685
1.604114
1.1944066
1.2579014
1.1648921
1.2704744
1.7571176
1.569073
1.3972011
1.4986572
1.1839297
1.3060603
1.9079586
1.2634368
1.5034909
1.253113
1.5320476
1.3540066
1.36024
1.2822459
1.75706
1.8182936
1.4829558
1.4458785
1.4628973
1.8647447
1.3037144
1.4417329
1.4307952
1.2488918
1.765467
1.372746
0.942978
1.5926564
1.2437983
1.3702145
1.6127547
1.3964009
1.0309577
1.4342604
1.2575665
1.5791063
1.5473763
1.406537
1.083055
2.043714
1.874436
1.2353742
2.1681101
1.2197813
1.0664986
1.25697
1.2469959
1.5740246
1.0929519
1.6361508
1.1499107
1.6095893
1.6269937
1.2782143
1.5744013
1.3287494
1.5940458
1.185562
0.8733865
1.6993402
1.0886862
1.2514883
1.3367174
1.6052957
1.073784
1.4385192
1.1755582
1.0039222
1.533248
1.269509
1.3706725
1.5308022
1.6447592
1.1111796
1.1472187
2.0377934
1.7183688
1.2555621
1.310037
1.3286895
1.2709005
1.951607
1.158118
1.5507804
1.6748497
1.525639
1.1081201
1.3633994
1.2907413
1.527753
1.0190146
1.632762
1.1615794
2.1517138
0.8593104
1.5343984
1.7336789
1.2645465
1.3083757
2.0048974
1.3653222
1.4689347
0.9889429
1.7559412
1.5313551
1.5320138
1.6638896
1.1855115
1.6317064
1.8880533
1.0345128
1.6601067
1.7996569
1.3443468
1.30774
2.0488217
1.1622458
1.4130751
1.5780442
1.9101241
1.1550807
1.6120106
1.8017534
2.037427
1.2464676
1.4547286
1.3602049
1.2328202
1.5550516
1.3977289
1.1790076
1.3221682
1.5493559
1.1480875
1.2407517
1.1405708
1.9023128
1.5015917
1.3974059
1.5643646
0.94375473
0.9702733
1.6717843
1.3640144
1.9058449
1.3632514
1.3319703
0.8184686
1.0749913
1.2416832
1.7115471
0.9829886
1.6053581
3.9675155
2.0771644
1.6200943
1.0898495
1.1415709
1.4399676
1.5556163
1.6633891
1.5225329
1.3464898
1.680378
1.1183246
1.5107057
1.5246055
2.083637
1.197441
1.5855728
1.1141948
1.016106
1.3875164
1.4622669
1.5134244
1.2708828
1.4307741
1.6889213
0.8486297
1.4136583
1.1671404
1.3300713
1.1599191
1.3141252
0.84798914
0.6956548
1.2725719
1.5092235
1.1651155
1.6654545
1.4891796
1.068491
1.1920396
1.1385573
1.1221292
1.9452369
1.8931086
1.4365727
1.5078694
1.6134715
1.2362297
1.5208404
1.1045976
1.2485392
1.4173529
1.1182686
1.6599451
1.2170559
2.5443969
1.3280894
1.1897941
1.3572767
1.3649812
1.263527
1.7754456
1.2043655
2.0001059
1.8774178
1.2453245
1.519757
1.0217326
1.332641
1.7021048
1.4142705
1.2859355
1.1974584
1.371611
1.5260003
2.0213182
1.3052715
2.872791
1.5336703
1.3816426
1.0789639
1.1008663
1.419765
2.031096
1.0753564
1.6060216
1.5477694
0.8208254
1.3997569
0.7608931
1.0342284
1.5873992
1.3039985
0.78423667
1.5105921
1.4871029
0.8381414
1.0751826
1.5636492
1.1156808
1.0531442
1.5598882
1.4968625
0.9373969
1.0952607
1.3130648
1.7221103
1.127056
1.6225982
0.97549623
1.8398124
1.4159026
1.1200218
1.087794
1.0934693
1.536221
1.3713399
1.452542
1.5889329
0.96260184
1.2319077
0.9953078
1.5788087
1.5626619
1.3987519
1.510658
1.337633
1.5747329
0.84979975
1.8208308
1.3009449
0.9502663
1.3127776
1.3498356
1.1160007
1.2429271
1.5106993
1.7095912
1.7100962
1.262595
1.3905658
1.2116811
1.7569624
1.379741
1.2580708
1.7569716
1.5536302
1.2099582
0.92538935
1.4693792
1.5953043
1.3550695
1.8201604
1.1777892
1.1402291
1.4613465
1.6254556
1.0789108
1.2486298
1.3062602
1.4551058
1.3414555
1.3332156
1.9441965
1.3583827
0.9595199
1.6370642
1.4796365
1.7852638
0.9043777
1.8373969
1.7908092
1.8826827
2.1454642
1.5119948
1.4206986
1.1777353
1.1987177
1.2044724
1.5456073
1.4703691
1.1089795
0.8544631
0.9778638
1.466571
1.330476
1.2891601
1.0198721
1.2854476
1.1369517
2.0188465
1.3138206
1.8132427
1.7627945
1.0336438
1.3374658
1.1857508
1.9516073
1.0151318
2.080563
0.9625405
1.5113297
1.2056434
1.0610534
1.4381588
1.8232752
1.6870921
1.1746186
1.4067498
2.0343823
1.521033
1.4016615
1.5633194
1.2346066
1.5266186
0.97472733
1.5801111
1.2475117
1.4977807
1.3935449
1.3676295
1.123767
1.5448116
1.5103753
2.0282347
1.4857105
1.2471359
1.4355313
1.0994115
1.5741736
1.7417976
1.6267568
1.2517422
1.6273376
1.5761467
1.1192117
1.4186503
1.9993722
1.1707909
1.248449
1.2095902
1.6780913
1.4577732
1.607295
1.6067458
1.1877681
1.2762882
1.4603215
1.2364184
1.087934
1.6321778
1.544493
1.1894505
1.198528
1.936118
1.9730041
0.7835801
1.1140693
1.5623859
1.2616645
1.9871804
1.1283811
1.3064712
1.4247646
2.0666637
1.1583089
2.394814
1.4371738
1.3646197
1.1870024
1.5191147
1.0832033
1.2336655
1.5361382
1.2772031
1.1378891
1.0075909
1.5590549
1.4512631
1.401333
1.3130481
2.0496325
1.692722
1.3700793
2.0785728
1.4520355
1.1825426
2.0092793
1.742544
1.1284481
1.5222157
0.9299849
1.0215967
1.3951013
2.1871436
1.4548572
1.4599699
1.2539486
1.7267516
1.5185633
1.3152597
1.3047287
1.2494944
2.096525
1.471495
1.2603179
1.6777661
1.3185781
1.0298069
1.0543704
1.3625951
1.2579153
1.973689
1.2069689
1.3447423
1.4087754
1.4358535
1.4559088
1.1221979
1.1094058
1.04155
1.2671868
1.5933588
1.8269058
1.5283334
1.386634
1.2792674
1.6939176
1.2922945
1.1567227
1.6608502
1.2769805
1.3977438
1.5172603
0.9324824
1.2570497
1.7519687
1.6699178
1.0817456
1.1496029
1.082953
1.8815732
1.2690704
2.2832856
1.2879812
1.1303505
2.7765546
1.1651995
1.8691312
1.4015234
0.8143865
1.2148014
0.52390707
1.0787251
1.4731547
1.6225616
1.2555958
1.6274002
1.4634031
1.7665005
1.3194716
0.93719405
1.9526767
1.5939554
1.0622501
1.0358552
1.5150524
1.3219305
0.9204203
1.4732981
1.2148952
1.1591129
2.0003622
1.4640552
1.3728584
1.7293643
1.3843142
2.1542647
1.145787
1.4337562
1.4596034
2.054195
1.1649363
1.2876627
3.1053662
2.032462
1.3819867
2.2082877
1.6339107
1.2550175
1.216529
1.5930444
1.2927794
1.1717398
1.7039787
1.4696655
1.8787539
1.5245045
1.1362772
1.1369604
1.8561139
1.4967023
0.9731383
1.51012
1.7211695
1.4664112
1.3584429
1.6280185
1.6800644
1.4727113
1.5658169
1.30796
1.4213358
1.5405232
0.9402412
1.734027
1.5446886
1.2715414
1.6026524
1.4842896
2.0435374
1.2693233
1.097441
1.5022522
1.316357
1.6533209
1.6899986
1.7978401
1.1586369
1.0424424
1.7465876
1.7112763
1.2697083
1.0166641
1.1719944
1.0509858
1.9655561
1.416292
1.4799258
1.7614245
1.6304135
0.99408513
1.2349408
1.8825384
1.270112
1.4986312
1.213715
0.9050624
0.956348
1.2724893
1.024129
1.4299369
1.1391315
1.9710584
1.3586928
1.5252522
1.5296291
1.5926996
1.7637866
1.1210215
1.4059306
1.1066101
1.7311435
1.8180023
1.102188
0.8676937
1.5397687
1.5696311
1.7983682
1.3249363
1.240335
1.0924608
1.3113053
1.1443325
1.9058267
1.3545538
1.6508311
1.7473944
1.259389
1.2765732
1.3057889
1.1476946
1.6117352
1.6886263
2.15184
1.4475148
1.4336832
2.178365
1.0980141
1.1100767
1.608139
1.3895653
1.0295562
1.7288169
1.3975093
1.4288203
1.4813148
1.140939
1.1462963
1.6930256
1.5539069
0.91567934
1.4712484
1.5002055
1.3522447
1.3585957
1.3387567
1.5224048
1.4830639
1.7285405
0.8917071
0.96688086
2.3773031
1.4085962
1.6011132
0.8680684
1.7236298
1.2517333
1.0995934
1.3004577
1.4043453
1.2582377
1.4261918
0.91314924
1.1282892
2.0475056
1.8209301
1.3614539
1.6794298
1.5361446
1.157487
1.4788435
1.5995383
1.1439246
1.3829105
2.1074102
1.4639356
1.0771797
1.4370242
1.1751381
1.0662543
1.4423519
1.241437
1.3906927
3.0126092
1.7435156
1.0296669
0.8935563
1.2775756
1.3696793
1.686871
1.3635615
1.7381908
1.4901615
1.5386858
1.8958087
1.2999051
1.8645543
1.083542
1.2689956
1.9320309
1.4736606
1.8127607
1.0651406
1.199104
1.0411032
2.000048
1.2733328
1.2175826
1.1907867
1.4468169
1.518786
1.399977
1.6241243
1.7477322
1.2387291
2.5494685
1.523519
2.2896512
1.895857
1.2823462
1.5163813
1.0686101
1.4832451
1.30001
1.2051557
1.3275269
1.8431879
1.3058317
1.5578591
1.5026002
1.1442858
1.1725351
1.7402964
1.7690258
1.9350771
1.6786513
1.6645206
1.6049134
1.4162787
1.0379987
1.2260334
1.279489
1.3879373
1.614671
1.7044566
1.2503762
1.108359
4.815768
1.1180569
1.7033716
1.5009896
1.294929
1.6612623
1.1755904
1.7721062
1.4275397
1.8198051
1.4878799
1.41573
3.0055492
1.6018776
1.5341743
1.7415513
1.792708
1.5377358
0.8799597
1.8259357
1.383363
1.6734195
1.1493325
1.3647007
1.8796465
1.9646966
1.5676601
1.29777
1.8678988
1.5497377
1.1141225
1.4988046
1.3894205
1.9318495
1.4845475
1.3959101
1.212242
1.4612296
1.3496848
1.3666936
0.9143084
1.5259559
0.8352053
1.5096395
1.4585634
0.9094429
1.7180384
1.4504762
2.2234862
1.3188298
1.1067519
1.6328375
1.5863189
1.2263186
1.732136
1.5291183
1.3109138
1.9477293
1.4931197
1.0034616
1.2300225
1.5366216
1.2300439
1.2505966
1.6847204
1.0648766
1.4974395
2.3298762
1.400288
1.5089289
1.6759862
1.8251634
1.0419483
1.3358141
0.70141584
1.3844025
1.1264278
1.4361258
1.0049392
1.6985577
1.4802936
1.3617711
1.2274696
1.5485924
1.1951182
1.7597591
1.2043562
2.3040276
1.3723978
0.9652248
1.3861371
1.5025686
1.076525
1.2668147
1.4819417
2.2002325
1.6690767
1.2341026
1.7412388
0.91789013
1.134044
1.3508843
1.1229309
1.1726996
1.3918297
1.0626459
1.8100423
1.8831704
1.4544834
1.4558876
1.506177
1.4555855
1.8500762
1.1868446
1.5447824
1.0800741
1.1933343
1.1264656
1.5494277
1.6629817
1.4733042
1.3204517
1.5039549
1.2301798
1.1217511
1.62551
1.9541081
0.99767375
1.0901693
1.1868409
0.927018
1.2380453
1.5484829
1.7074848
1.6358694
1.0199218
1.5991417
1.368024
1.3922197
1.1897295
1.2848744
1.6075215
1.43268
1.0033627
2.262446
1.6574601
0.9183959
1.1742927
1.4324933
1.8361807
1.4600582
1.4863843
1.3026278
1.1868727
1.6801391
1.6069566
1.1918807
1.2531348
1.491673
1.5029315
1.6261772
1.240814
1.2569884
1.4588451
1.5435308
1.2847104
1.1956538
2.0225933
1.0483367
1.4334469
1.5510159
0.9364526
2.2229412
1.3696413
1.8999645
1.5004705
1.3071023
1.2548698
1.1650579
1.1572348
1.4585886
1.7282166
1.4338464
1.04718
1.4195473
1.4160461
1.5526646
1.7504017
1.655074
1.4021072
1.3298414
1.4309179
1.0155902
1.3364208
1.6508148
1.2753167
1.5320512
1.1744015
1.2914207
1.1159652
1.4017663
2.0787108
1.5896766
1.5305228
1.232461
1.3280534
1.0567573
1.769129
1.5188978
0.89765316
1.2827501
1.1121864
1.188897
1.2288758
1.1445726
1.707081
1.8512377
1.6339259
1.1751602
1.3880522
1.1004883
1.7688953
1.1983068
1.6879056
0.9887352
1.5976596
1.6465503
1.5865625
1.468208
1.6581534
1.3836638
1.4687178
1.2878656
1.5103877
1.3674958
1.2584568
1.6953465
1.5566418
1.2609735
1.0722574
1.2266755
1.1631457
1.4246988
0.94674534
1.6106343
1.05789
1.0592712
1.4639461
1.2868289
1.5541371
1.6105454
1.7972424
1.2478509
1.7460996
1.0132138
1.0966015
1.4685919
0.9064271
1.4615946
1.8761069
1.181343
1.3273879
1.0381768
1.4279871
1.6229392
1.1178774
1.5164351
1.5768752
1.2560134
1.4596704
1.4482899
1.5715024
1.4579203
1.7555803
1.249453
1.1876218
1.8347377
1.5489556
1.4932551
1.5289338
1.8468783
1.7621117
1.1222532
1.3218117
1.3226986
1.254711
0.96790147
1.2023106
1.2711474
1.223939
0.91091937
0.9488288
1.5547612
1.757326
1.750633
1.6404493
1.1691992
1.7081938
1.5432603
2.2324862
1.7468342
1.9719073
1.4773859
1.3313493
1.9271559
1.4127222
1.3742375
1.2539153
1.3141094
1.4725446
1.1853725
1.3490727
1.9758955
1.58668
1.8824147
1.3474215
0.7913382
1.5131456
1.0089
1.6389824
1.2168933
1.6686225
1.1452651
1.5891144
1.2694616
1.0980151
1.6042218
1.0649534
1.2254262
1.2846514
1.0901526
1.4906274
1.9261999
1.4612675
1.3043727
1.1993266
1.2745723
1.2525585
1.5831069
1.2749604
1.0612664
0.8931326
1.4464848
2.1232347
1.5935953
1.0631517
1.6630127
1.7214674
1.5402778
1.4581916
1.6627423
1.4742671
1.4413778
1.3381237
1.2406194
2.082045
2.1182494
1.1253926
1.4639064
1.7599964
0.9100233
1.8652402
1.5403571
0.983498
1.5583831
1.6172435
1.2527889
2.1390948
1.5005668
1.5490619
1.4117625
1.2789057
0.9543734
1.5962143
1.0787398
1.2593187
1.6338923
1.8363664
1.0501426
1.2925767
1.2550355
1.4151263
1.648526
0.79232043
1.6460665
1.4069383
1.2264915
1.3645388
1.175293
1.1005449
1.8839347
1.5742673
1.8031206
1.3063794
1.2940305
1.7899598
1.3111148
1.5755847
1.8157936
1.1629442
1.1434152
1.3845578
2.0906742
0.8107382
1.4310979
1.231669
1.386828
1.2116662
1.165547
1.5941888
1.6374519
1.4222399
1.9069724
1.1275809
1.305694
0.97448474
0.92922497
1.442215
1.1875485
1.4361452
1.295797
1.4541867
1.2813607
0.8934512
1.7954615
1.0048903
1.6085545
1.5557556
1.1334916
2.461277
1.7066901
1.8145376
1.4086565
1.1533753
1.2184162
1.6376476
1.0543334
1.1870818
1.1381497
1.2827634
1.2659678
0.98002994
2.00267
1.3385034
1.110945
1.2337328
1.6742849
1.7368331
0.9106003
1.9483525
1.4185598
1.5692321
1.093982
1.6637211
1.5465177
1.5133741
1.6204615
1.3176557
2.2710242
1.5832667
1.1782665
1.2526497
1.374112
1.1781827
1.2472473
0.99901783
1.493909
1.182258
1.4160227
1.4915566
1.7392001
1.356162
1.2815857
1.5174553
1.8062893
1.8053869
1.1880622
1.2294892
1.0045604
1.145217
1.8006179
1.6939702
1.0949653
1.4423981
1.2781305
1.8421237
1.4222597
0.9467897
1.432447
0.9467897
0.9968455
0.9467897
0.9968455
1.5133741
1.6204615
1.3176557
2.2710242
0.9467897
0.9968455
0.9467897
0.9968455
0.9467897
0.9968455
0.9467897
0.9968455
0.9467897
0.9968455
0.9467897
0.9968455
0.9467897
0.9968455
0.9467897
0.9968455
0.9467897
0.9968455
0.9467897
0.9968455
0.9968455
0.9467897
0.9968455
0.9467897
0.9968455
0.9467897
0.9968455
1.5133741
1.6204615
1.3176557
2.2710242
0.9467897
0.9968455
0.9467897
0.9968455
0.9467897
0.9968455
0.9467897
0.9968455
0.9467897
0.9968455
0.9467897
0.9968455
0.9467897
0.9968455
1.5133741
1.6204615
1.3176557
2.2710242
0.9467897
0.9968455
0.9467897
0.9968455
0.9968455
0.9467897
0.9968455
0.9467897
0.9968455
0.9467897
0.9968455
0.9467897
0.9968455
0.9467897
0.9968455
0.9467897
0.9968455
0.9467897
0.9968455
0.9467897
0.9968455
0.9467897
0.9968455
0.9467897
0.9968455
0.9467897
0.9968455
0.9467897
0.9968455
0.9968455
0.9467897
0.9968455
0.9467897
0.9968455
0.9467897
0.9968455
0.9467897
0.9968455
0.9467897
0.9968455
0.9467897
0.9968455
0.9467897
0.9968455
0.9467897
0.9968455
0.9467897
0.9968455
0.9467897
0.9968455
0.9467897
0.9968455
0.9467897
0.9968455
1.5133741
1.6204615
1.3176557
2.2710242
0.9968455
0.9467897
0.9968455
0.9467897
0.9968455
0.9467897
0.9968455
0.9467897
0.9968455
0.9467897
0.9968455
0.9467897
0.9968455
1.5133741
1.6204615
1.3176557
2.2710242
0.9467897
0.9968455
0.9467897
0.9968455
0.9467897
0.9968455
0.9467897
0.9968455
0.9467897
0.9968455
0.9467897
0.9968455
0.9968455
0.9467897
0.9968455
0.9467897
0.9968455
0.9467897
0.9968455
1.5133741
1.6204615
1.3176557
2.2710242
0.9467897
0.9968455
0.9467897
0.9968455
0.9467897
0.9968455
0.9467897
0.9968455
0.9467897
0.9968455
0.9467897
0.9968455
0.9467897
0.9968455
0.9467897
1.5133741
1.6204615
1.3176557
2.2710242
0.9968455
0.9467897
0.9968455
0.9968455
0.9235485
0.8922212
0.9235485
0.8922212
0.9235485
0.8922212
0.9235485
0.8922212
0.9235485
0.9235485
0.8922212
0.9968455
0.9968455
1.5133741
1.6204615
1.3176557
2.2710242
0.9235485
0.8922212
0.9235485
0.8922212
0.9235485
0.8922212
0.9235485
0.8922212
0.9235485
0.9235485
0.8922212
0.8521588
0.8651322
0.8521588
0.8651322
0.8521588
0.8651322
0.8521588
0.8651322
0.8521588
0.8651322
0.8521588
0.8651322
0.8521588
0.8651322
0.8521588
0.8651322
0.8521588
0.8651322
0.8521588
0.8651322
0.8521588
0.8651322
0.8521588
0.8651322
0.8521588
0.8651322
0.8521588
0.8651322


